name: RealTimeSeries
channels:
  - conda-forge
  - defaults
dependencies:
  - asttokens=2.2.1=pyhd8ed1ab_0
  - backcall=0.2.0=pyh9f0ad1d_0
  - backports=1.0=pyhd8ed1ab_3
  - backports.functools_lru_cache=1.6.5=pyhd8ed1ab_0
  - bzip2=1.0.8=h8ffe710_4
  - ca-certificates=2023.7.22=h56e8100_0
  - colorama=0.4.6=pyhd8ed1ab_0
  - comm=0.1.4=pyhd8ed1ab_0
  - debugpy=1.6.8=py38hd3f51b4_0
  - decorator=5.1.1=pyhd8ed1ab_0
  - executing=1.2.0=pyhd8ed1ab_0
  - importlib-metadata=6.8.0=pyha770c72_0
  - importlib_metadata=6.8.0=hd8ed1ab_0
  - ipykernel=6.25.1=pyh6817e22_0
  - ipython=8.12.0=pyh08f2357_0
  - jedi=0.19.0=pyhd8ed1ab_0
  - jupyter_client=8.3.1=pyhd8ed1ab_0
  - jupyter_core=5.3.1=py38haa244fe_0
  - libffi=3.4.2=h8ffe710_5
  - libsodium=1.0.18=h8d14728_1
  - libsqlite=3.43.0=hcfcfb64_0
  - libzlib=1.2.13=hcfcfb64_5
  - matplotlib-inline=0.1.6=pyhd8ed1ab_0
  - nest-asyncio=1.5.6=pyhd8ed1ab_0
  - openssl=3.1.2=hcfcfb64_0
  - packaging=23.1=pyhd8ed1ab_0
  - parso=0.8.3=pyhd8ed1ab_0
  - pickleshare=0.7.5=py_1003
  - pip=23.2.1=pyhd8ed1ab_0
  - platformdirs=3.10.0=pyhd8ed1ab_0
  - prompt-toolkit=3.0.39=pyha770c72_0
  - prompt_toolkit=3.0.39=hd8ed1ab_0
  - psutil=5.9.5=py38h91455d4_0
  - pure_eval=0.2.2=pyhd8ed1ab_0
  - pygments=2.16.1=pyhd8ed1ab_0
  - python=3.8.17=h4de0772_0_cpython
  - python-dateutil=2.8.2=pyhd8ed1ab_0
  - python_abi=3.8=3_cp38
  - pywin32=304=py38hd3f51b4_2
  - pyzmq=25.1.1=py38ha85f68a_0
  - setuptools=68.1.2=pyhd8ed1ab_0
  - six=1.16.0=pyh6c4a22f_0
  - stack_data=0.6.2=pyhd8ed1ab_0
  - tk=8.6.12=h8ffe710_0
  - tornado=6.3.3=py38h91455d4_0
  - traitlets=5.9.0=pyhd8ed1ab_0
  - typing-extensions=4.7.1=hd8ed1ab_0
  - typing_extensions=4.7.1=pyha770c72_0
  - ucrt=10.0.22621.0=h57928b3_0
  - vc=14.3=h64f974e_17
  - vc14_runtime=14.36.32532=hfdfe4a8_17
  - vs2015_runtime=14.36.32532=h05e6639_17
  - wcwidth=0.2.6=pyhd8ed1ab_0
  - wheel=0.41.2=pyhd8ed1ab_0
  - xz=5.2.6=h8d14728_0
  - zeromq=4.3.4=h0e60522_1
  - zipp=3.16.2=pyhd8ed1ab_0
  - pip:
    - bleach==6.0.0
    - bokeh==3.1.1
    - certifi==2023.7.22
    - charset-normalizer==3.2.0
    - colorcet==3.0.1
    - confluent-kafka==2.2.0
    - contourpy==1.1.0
    - cycler==0.11.0
    - cython==3.0.2
    - et-xmlfile==1.1.0
    - fonttools==4.42.1
    - greenlet==2.0.2
    - holoviews==1.17.1
    - idna==3.4
    - importlib-resources==6.0.1
    - jinja2==3.1.2
    - joblib==1.3.2
    - kafka-python==2.0.2
    - kazoo==2.9.0
    - kiwisolver==1.4.5
    - linkify-it-py==2.0.2
    - markdown==3.4.4
    - markdown-it-py==3.0.0
    - markupsafe==2.1.3
    - matplotlib==3.7.2
    - mdit-py-plugins==0.4.0
    - mdurl==0.1.2
    - numpy==1.24.4
    - openpyxl==3.1.2
    - pandas==2.0.3
    - panel==1.2.2
    - param==1.13.0
    - patsy==0.5.3
    - pillow==10.0.0
    - plotly==5.16.1
    - pmdarima==2.0.3
    - pyct==0.5.0
    - pymysql==1.1.0
    - pyparsing==3.0.9
    - pytz==2023.3
    - pyviz-comms==3.0.0
    - pyyaml==6.0.1
    - requests==2.31.0
    - scikit-learn==1.3.0
    - scipy==1.10.1
    - sqlalchemy==1.4.32
    - statsmodels==0.14.0
    - tenacity==8.2.3
    - threadpoolctl==3.2.0
    - tqdm==4.66.1
    - tzdata==2023.3
    - uc-micro-py==1.0.2
    - urllib3==2.0.4
    - webencodings==0.5.1
    - xyzservices==2023.7.0